function K = myfile(L0)
%MYFILE
%    K = MYFILE(L0)

%    This function was generated by the Symbolic Math Toolbox version 24.2.
%    12-Apr-2025 21:08:50

t2 = L0.^2;
t3 = L0.^3;
mt1 = [L0.*(-3.21009594468645)-t2.*1.881836058678146e+1+t3.*2.837054639938506e+1-3.117217124460946e-2];
mt2 = [L0.*2.583148717002317e-2+t2.*3.944223462903662e-1-t3.*1.404764581659955-5.450506854508016e-3];
mt3 = [L0.*(-2.882754412918012e-1)-t2.*4.923395347159518+t3.*5.56114756200345-2.646917326353769e-3];
mt4 = [L0.*7.533814531496149e-3+t2.*7.101183505093456e-3-t3.*3.244118479986221e-2+5.281644432392987e-6];
mt5 = [L0.*(-1.195174408517629)-t2.*8.585011416045143+t3.*2.065972323608874e+1+7.704551835264361e-3];
mt6 = [L0.*(-7.041557158977539e-2)+t2.*4.118314970194606e-1-t3.*9.55960281117106e-1+1.385760875423502e-2];
mt7 = [L0.*(-9.830415514310217e-1)-t2.*8.036583568014665+t3.*1.806962507871544e+1-9.285061412466452e-3];
mt8 = [L0.*3.258533064120575e-2-t2.*1.308289511283231e-1+t3.*2.329011192435436e-1+1.563506575445632e-3];
mt9 = [L0.*(-3.595603866986543e+1)+t2.*1.871124169373346e+2-t3.*4.016884300029781e+2+3.881513133213613];
mt10 = [L0.*1.4753086893779-t2.*9.287636817603351+t3.*2.188622591057195e+1+4.388328301724943];
mt11 = [L0.*(-1.316008380499702)+t2.*6.9594192207579-t3.*1.507036590307988e+1+1.439766201813577e-1];
mt12 = [L0.*3.285811617407983e-2-t2.*2.056802904580541e-1+t3.*4.837303212192992e-1+1.625717525892759e-1];
K = reshape([mt1,mt2,mt3,mt4,mt5,mt6,mt7,mt8,mt9,mt10,mt11,mt12],2,6);
end
